Compound Score: 0.9986
Polarity Score: 0.3164556921967634
Positive Score: 52
Negative Score: 27
Subjectivity Score: 0.054709141236351004
Average Sentence Length: 17.19047619047619
Average Words Per Sentence: 17.19047619047619
Complex Word Count: 249
Percentage of Complex Words: 17.24376731301939
Fog Index: 13.773697401398232
Cleaned Word Count: 823
Syllable Count Per Word: [1, 2, 1, 1, 1, 4, 2, 1, 4, 1, 1, 1, 1, 2, 1, 1, 3, 1, 2, 1, 2, 3, 1, 3, 1, 2, 1, 3, 1, 2, 0, 3, 3, 4, 5, 3, 3, 3, 2, 2, 2, 2, 2, 2, 2, 1, 1, 1, 3, 4, 2, 1, 1, 2, 2, 2, 1, 2, 1, 1, 1, 1, 2, 1, 1, 2, 1, 3, 0, 4, 2, 2, 1, 2, 3, 4, 4, 2, 1, 4, 2, 4, 1, 3, 3, 2, 3, 1, 3, 5, 0, 2, 2, 2, 1, 2, 2, 3, 2, 1, 2, 3, 2, 1, 1, 3, 3, 2, 1, 2, 1, 2, 2, 2, 1, 1, 1, 2, 2, 4, 1, 2, 4, 1, 1, 1, 1, 2, 1, 4, 1, 1, 1, 1, 2, 1, 3, 1, 5, 3, 1, 1, 3, 1, 4, 2, 2, 2, 3, 1, 2, 1, 2, 2, 0, 4, 3, 1, 1, 1, 2, 1, 2, 1, 2, 3, 2, 2, 1, 1, 1, 3, 1, 1, 1, 4, 1, 3, 3, 2, 3, 3, 2, 4, 0, 2, 2, 1, 2, 2, 2, 4, 2, 3, 1, 3, 1, 2, 2, 1, 1, 2, 1, 1, 2, 3, 1, 1, 1, 1, 1, 1, 1, 2, 2, 1, 1, 1, 1, 1, 1, 3, 1, 1, 1, 1, 1, 1, 0, 2, 2, 3, 4, 4, 4, 4, 3, 4, 2, 2, 2, 1, 4, 4, 1, 1, 3, 2, 3, 1, 1, 2, 1, 3, 2, 3, 1, 1, 1, 1, 2, 0, 5, 3, 3, 3, 2, 3, 4, 3, 1, 1, 1, 3, 1, 3, 3, 1, 2, 4, 3, 4, 1, 3, 2, 1, 3, 2, 2, 3, 3, 2, 1, 3, 2, 1, 1, 1, 3, 3, 2, 2, 3, 2, 1, 3, 4, 2, 1, 1, 1, 4, 3, 1, 2, 2, 1, 2, 2, 2, 1, 2, 4, 2, 3, 3, 1, 2, 1, 2, 1, 2, 1, 1, 1, 1, 1, 5, 1, 0, 3, 3, 2, 1, 3, 2, 3, 1, 4, 1, 3, 1, 2, 2, 2, 4, 4, 2, 1, 2, 2, 2, 1, 4, 1, 3, 4, 3, 4, 1, 1, 4, 2, 2, 2, 2, 2, 2, 2, 3, 2, 3, 2, 3, 1, 2, 1, 5, 1, 2, 1, 1, 1, 1, 1, 3, 1, 4, 4, 4, 3, 3, 3, 1, 1, 1, 2, 1, 2, 3, 3, 2, 1, 1, 1, 4, 3, 2, 1, 2, 3, 1, 1, 1, 1, 2, 2, 3, 2, 2, 4, 1, 2, 3, 3, 1, 1, 2, 2, 2, 4, 1, 2, 1, 2, 3, 1, 1, 2, 2, 1, 1, 2, 2, 1, 2, 1, 3, 4, 2, 1, 3, 3, 4, 3, 2, 3, 3, 2, 3, 2, 2, 2, 3, 2, 2, 1, 2, 2, 1, 1, 2, 3, 1, 5, 2, 1, 1, 2, 1, 2, 3, 4, 2, 2, 4, 1, 4, 2, 1, 2, 1, 1, 1, 3, 1, 2, 1, 1, 3, 3, 2, 1, 3, 2, 2, 1, 2, 2, 1, 2, 2, 2, 2, 0, 1, 2, 2, 1, 2, 3, 3, 1, 1, 1, 1, 5, 1, 3, 2, 2, 1, 1, 2, 2, 2, 3, 2, 2, 1, 4, 1, 2, 1, 2, 2, 1, 1, 1, 1, 3, 2, 1, 1, 3, 2, 4, 5, 1, 2, 1, 2, 3, 1, 2, 5, 3, 1, 1, 1, 3, 2, 2, 3, 4, 5, 4, 2, 5, 3, 1, 4, 2, 3, 3, 2, 3, 4, 1, 2, 4, 2, 5, 1, 2, 2, 2, 3, 2, 3, 3, 2, 1, 1, 1, 2, 3, 2, 2, 1, 3, 1, 1, 1, 2, 1, 2, 3, 1, 1, 1, 2, 1, 1, 2, 3, 2, 4, 3, 2, 1, 3, 2, 1, 5, 2, 2, 1, 2, 2, 1, 1, 2, 2, 2, 3, 1, 2, 1, 3, 3, 4, 1, 2, 4, 3, 3, 2, 2, 1, 1, 3, 0, 2, 2, 1, 2, 2, 3, 1, 2, 1, 3, 2, 2, 2, 4, 3, 3, 4, 1, 3, 4, 1, 2, 4, 1, 1, 2, 4, 1, 2, 2, 2, 1, 1, 2, 3, 1, 1, 3, 3, 3, 1, 1, 3, 2, 1, 3, 4, 1, 2, 2, 2, 5, 4, 3, 2, 1, 1, 2, 1, 2, 2, 2, 3, 2, 4, 3, 3, 1, 0, 1, 2, 1, 3, 3, 2, 2, 2, 1, 1, 3, 3, 3, 4, 3, 1, 2, 2, 1, 2, 2, 1, 1, 1, 1, 1, 3, 2, 1, 4, 3, 5, 3, 2, 3, 2, 1, 1, 5, 3, 1, 2, 2, 1, 1, 3, 3, 4, 2, 2, 3, 2, 1, 1, 4, 1, 2, 1, 2, 1, 1, 1, 2, 2, 2, 1, 2, 1, 3, 2, 2, 3, 3, 1, 2, 2, 2, 2, 2, 1, 2]
Personal Pronoun Count: 15
Average Word Length: 3.6218836565096955

Positive Words:
Like
like
United
chance
optimistic
warming?
hope
help
intelligence,
exploration
good
hopes
surviving
enterprising
advantage
gift
smart
thrilling
intelligence
smarter,
better
promises
like?
intelligence
better,
want
determined
better
Dominance
best
fervent
richest
growth.
prospect,
warming
increase
like
straight
like
best
chance
forgiving
Spirit
survived,
exploration
vision.
best
launched
smart
prospect
spirit,
win.

Negative Words:
lost
disaster
grim
no
apathetic
grave.
Doomsday
catastrophe),
threat
war?
disruptive
no
doubt
critical
weakening
scary.
demand
no
missing
manipulation.
no
No
alone.
disasters
struck
no
doubt.