Compound Score: -0.932
Polarity Score: -0.14893616862833864
Positive Score: 40
Negative Score: 54
Subjectivity Score: 0.05493863234661681
Average Sentence Length: 23.12162162162162
Average Words Per Sentence: 23.12162162162162
Complex Word Count: 386
Percentage of Complex Words: 22.55990648743425
Fog Index: 18.27261124362235
Cleaned Word Count: 1025
Syllable Count Per Word: [5, 2, 1, 2, 2, 2, 1, 4, 2, 1, 4, 3, 4, 2, 4, 3, 2, 3, 2, 1, 2, 1, 4, 2, 1, 2, 2, 1, 2, 2, 5, 3, 3, 2, 2, 3, 1, 3, 1, 2, 3, 1, 1, 4, 1, 2, 2, 4, 3, 2, 5, 4, 2, 1, 4, 3, 3, 2, 2, 1, 3, 5, 3, 2, 1, 2, 3, 3, 3, 4, 3, 1, 2, 1, 3, 2, 4, 1, 2, 2, 1, 3, 4, 4, 2, 3, 2, 2, 2, 2, 2, 3, 4, 2, 2, 0, 2, 3, 2, 1, 3, 3, 3, 4, 2, 1, 2, 3, 2, 3, 1, 2, 5, 2, 4, 3, 2, 1, 3, 3, 1, 2, 3, 3, 1, 2, 3, 2, 2, 1, 1, 2, 3, 2, 1, 4, 2, 1, 5, 2, 1, 2, 3, 2, 2, 1, 1, 2, 2, 1, 4, 2, 2, 2, 3, 2, 2, 4, 4, 2, 2, 3, 5, 3, 4, 2, 3, 1, 2, 3, 3, 3, 3, 2, 1, 3, 5, 2, 2, 2, 3, 3, 4, 2, 4, 1, 3, 4, 3, 2, 3, 3, 5, 3, 3, 3, 2, 2, 1, 1, 3, 3, 4, 2, 2, 6, 1, 2, 3, 3, 2, 2, 3, 2, 2, 2, 3, 1, 1, 4, 5, 2, 3, 3, 3, 3, 5, 4, 2, 3, 3, 3, 2, 2, 4, 4, 2, 3, 3, 1, 1, 1, 1, 0, 4, 6, 3, 0, 1, 1, 3, 1, 1, 1, 1, 1, 1, 4, 2, 3, 1, 1, 1, 1, 1, 1, 1, 1, 1, 4, 2, 1, 1, 2, 1, 1, 2, 3, 3, 2, 4, 3, 2, 3, 1, 3, 1, 3, 2, 3, 3, 3, 1, 5, 2, 4, 3, 4, 1, 3, 3, 4, 1, 2, 2, 2, 2, 1, 1, 3, 4, 2, 2, 2, 3, 1, 1, 2, 1, 1, 1, 4, 4, 3, 2, 3, 3, 2, 5, 2, 4, 3, 1, 2, 3, 2, 2, 2, 3, 4, 2, 3, 2, 3, 4, 5, 2, 1, 1, 3, 2, 1, 2, 1, 1, 4, 2, 2, 3, 1, 2, 2, 5, 3, 3, 3, 2, 3, 1, 1, 2, 2, 3, 2, 1, 1, 1, 1, 1, 1, 1, 1, 1, 1, 1, 4, 2, 1, 2, 2, 1, 2, 2, 1, 1, 2, 2, 1, 4, 3, 5, 1, 5, 5, 3, 2, 5, 5, 3, 1, 4, 4, 4, 2, 2, 3, 2, 3, 3, 1, 5, 3, 3, 4, 3, 3, 1, 2, 3, 3, 1, 2, 2, 1, 5, 2, 1, 1, 3, 2, 1, 2, 1, 1, 1, 1, 1, 3, 2, 2, 1, 2, 3, 3, 1, 1, 3, 2, 2, 2, 5, 3, 2, 2, 2, 2, 2, 2, 3, 2, 2, 3, 2, 2, 1, 2, 3, 3, 1, 2, 2, 4, 1, 3, 3, 3, 2, 3, 2, 3, 2, 2, 1, 2, 1, 1, 3, 2, 1, 2, 3, 3, 2, 5, 2, 2, 1, 3, 1, 3, 1, 2, 2, 1, 1, 1, 1, 1, 4, 2, 2, 2, 1, 1, 2, 1, 1, 0, 1, 4, 1, 1, 2, 2, 1, 1, 2, 1, 1, 0, 1, 1, 2, 1, 1, 2, 1, 1, 3, 2, 2, 1, 1, 3, 1, 1, 1, 2, 4, 3, 2, 2, 1, 1, 0, 1, 1, 3, 1, 0, 1, 1, 2, 1, 4, 2, 2, 3, 2, 3, 3, 4, 2, 3, 2, 3, 4, 3, 2, 5, 2, 2, 2, 3, 1, 2, 5, 2, 3, 2, 2, 1, 1, 2, 2, 2, 2, 3, 2, 2, 3, 2, 4, 2, 2, 2, 1, 3, 2, 2, 3, 4, 3, 2, 2, 2, 3, 2, 2, 2, 2, 2, 1, 1, 2, 1, 3, 0, 3, 2, 4, 3, 1, 2, 3, 3, 3, 4, 2, 2, 5, 2, 2, 3, 2, 1, 3, 2, 2, 2, 1, 1, 4, 2, 3, 1, 3, 4, 4, 1, 1, 4, 2, 3, 2, 1, 2, 1, 3, 3, 3, 3, 2, 1, 3, 3, 2, 2, 3, 2, 4, 1, 1, 2, 1, 1, 2, 2, 1, 1, 4, 2, 4, 3, 2, 2, 3, 4, 1, 2, 2, 2, 4, 3, 3, 2, 3, 2, 2, 3, 2, 5, 5, 3, 2, 4, 1, 1, 2, 2, 2, 4, 3, 3, 2, 3, 2, 2, 3, 2, 5, 5, 3, 2, 4, 1, 1, 2, 2, 2, 4, 3, 3, 3, 1, 3, 1, 3, 3, 1, 5, 4, 2, 4, 3, 3, 3, 2, 2, 2, 2, 4, 2, 2, 1, 1, 1, 1, 3, 1, 2, 2, 1, 2, 2, 2, 2, 2, 4, 2, 2, 6, 3, 4, 2, 1, 1, 2, 2, 2, 2, 3, 2, 2, 3, 2, 3, 3, 1, 2, 3, 4, 1, 3, 1, 2, 3, 2, 1, 2, 3, 4, 3, 1, 2, 1, 1, 2, 1, 1, 3, 3, 4, 1, 1, 3, 4, 2, 2, 3, 2, 4, 3, 2, 2, 2, 3, 1, 1, 4, 4, 2, 3, 3, 4, 2, 2, 1, 6, 1, 2, 1, 4, 2, 2, 2, 1, 2, 4, 2, 5, 2, 2, 1, 1, 1, 1, 1, 4, 2, 2, 1, 1, 5, 1, 2, 4, 2, 4, 3, 4, 2, 2, 1, 1, 4, 3, 2, 3, 2, 2, 2, 0, 2, 2, 2, 1, 2, 2, 2, 1, 0, 1, 3, 6, 5, 4, 2, 2, 1, 1, 5, 3, 2, 2, 3, 1, 4, 2, 3, 2, 1, 2, 2, 6, 3, 2, 2, 2, 4, 2, 2, 1, 3, 4, 4, 2, 2, 2, 3, 3, 2, 4, 1, 3, 3, 2, 2, 1, 2, 2, 1, 1, 2, 4, 3, 3, 2, 1, 1, 1, 2, 3, 2, 2, 1, 3, 1, 3, 3, 4, 3, 2, 3, 2, 1, 3, 1, 2, 2, 1, 2, 1, 2, 4, 2, 2, 2, 1, 3, 1, 1, 3, 3, 3, 4, 3, 1, 2, 2, 3, 3, 2, 1, 1, 4, 1, 1, 2, 4, 1, 1, 1, 1, 2]
Personal Pronoun Count: 1
Average Word Length: 4.078901227352426

Positive Words:
significant
energy
natural
energy,
energy
energy
energy,
energy
Energy
Security
energy
energy
ENERGY
highlight
increased.
energy
well
commitments
agreements.
true
Energy
growth
Energy
dynamic.
greater
relief
support
increase
adequate
important
credit
relief
interest
comfort
approval
agreements
protected
well
increase
energy

Negative Words:
emergency
disruption.
pressure
cuts
hurts
demand
low
disputes.
demand
emergency
low
lower
demand
debt
lower
lower
demand
demand
risk
struggling
loss
demand
inability
risk
crisis
demand
critical
delayed
delay
serious,
adverse
demand
adversely
demand,
demand,
imposed
adversely
demand,
demand
adversely
deficit
adversely
suffering
debt
debt
charges
drop
demand
adversely
weakening
disruption
affected
delay
disruption