Compound Score: 0.9949
Polarity Score: 0.31914892937981004
Positive Score: 31
Negative Score: 16
Subjectivity Score: 0.04612365059261663
Average Sentence Length: 23.697674418604652
Average Words Per Sentence: 23.697674418604652
Complex Word Count: 154
Percentage of Complex Words: 15.112855740922473
Fog Index: 15.52421206381085
Cleaned Word Count: 593
Syllable Count Per Word: [1, 2, 2, 1, 2, 5, 2, 1, 1, 1, 1, 5, 3, 2, 1, 1, 4, 1, 2, 2, 1, 2, 4, 1, 1, 1, 1, 3, 2, 3, 3, 2, 1, 6, 2, 2, 1, 1, 1, 2, 2, 1, 2, 4, 1, 1, 1, 1, 1, 2, 2, 3, 1, 3, 2, 2, 2, 3, 3, 2, 3, 3, 3, 1, 2, 1, 1, 1, 2, 1, 2, 2, 1, 1, 1, 1, 3, 2, 2, 2, 2, 2, 1, 2, 2, 2, 3, 1, 2, 3, 2, 3, 2, 1, 1, 4, 2, 1, 2, 1, 1, 2, 1, 2, 2, 1, 1, 2, 3, 3, 1, 1, 1, 2, 1, 1, 1, 3, 2, 3, 3, 1, 3, 3, 3, 2, 1, 1, 2, 3, 2, 2, 3, 2, 1, 1, 2, 2, 1, 1, 2, 2, 0, 4, 1, 1, 2, 2, 1, 4, 2, 3, 1, 3, 1, 2, 3, 5, 2, 4, 2, 1, 2, 4, 2, 1, 2, 1, 3, 1, 2, 2, 2, 2, 1, 3, 3, 2, 2, 1, 1, 2, 1, 2, 2, 1, 1, 3, 3, 2, 2, 2, 2, 1, 3, 2, 2, 5, 2, 4, 2, 2, 1, 2, 2, 1, 1, 1, 2, 1, 4, 1, 3, 3, 1, 3, 3, 2, 2, 2, 1, 1, 3, 3, 3, 2, 3, 2, 1, 2, 2, 2, 2, 1, 2, 1, 1, 1, 2, 2, 2, 1, 1, 3, 1, 3, 3, 2, 1, 2, 1, 2, 1, 2, 5, 3, 1, 1, 1, 3, 3, 4, 1, 2, 1, 3, 1, 3, 1, 1, 3, 1, 3, 0, 1, 3, 1, 1, 2, 2, 5, 1, 1, 4, 3, 1, 3, 1, 2, 2, 4, 3, 2, 3, 2, 3, 3, 2, 1, 2, 2, 2, 3, 2, 2, 1, 1, 3, 2, 1, 1, 2, 3, 4, 1, 2, 2, 4, 3, 1, 2, 1, 1, 1, 2, 1, 2, 1, 3, 3, 2, 3, 1, 2, 4, 3, 2, 2, 3, 5, 1, 2, 2, 2, 2, 2, 2, 3, 2, 1, 3, 3, 2, 3, 2, 0, 2, 2, 3, 1, 2, 2, 1, 2, 3, 1, 1, 5, 3, 2, 1, 1, 1, 1, 3, 3, 1, 1, 1, 2, 1, 1, 1, 3, 1, 2, 2, 3, 4, 2, 1, 1, 2, 8, 2, 4, 5, 3, 6, 3, 2, 3, 2, 2, 3, 1, 1, 2, 2, 2, 1, 3, 2, 1, 1, 1, 4, 2, 2, 1, 1, 2, 1, 2, 2, 3, 1, 1, 1, 1, 1, 1, 2, 1, 1, 1, 3, 2, 1, 1, 2, 4, 2, 1, 3, 1, 1, 1, 3, 5, 1, 1, 2, 2, 2, 1, 2, 1, 1, 1, 2, 3, 2, 3, 1, 2, 1, 1, 2, 1, 1, 4, 1, 1, 1, 1, 2, 4, 2, 1, 1, 1, 2, 2, 3, 2, 3, 0, 3, 1, 2, 2, 2, 3, 1, 1, 2, 1, 2, 3, 1, 2, 1, 2, 1, 3, 1, 2, 1, 2, 1, 4, 1, 1, 2, 2, 2, 1, 2, 2, 2, 2, 2, 3, 2, 2, 2, 2, 5, 1, 1, 1, 2, 2, 1, 1, 1, 2, 1, 1, 4, 1, 3, 4, 4, 1, 3, 1, 1, 1, 2, 4, 2, 1, 4, 2, 1, 2, 3, 1, 1, 2, 1, 2, 3, 1, 2, 3, 2, 1, 1, 2, 3, 2, 1, 2, 3, 3, 3, 4, 4, 2, 1, 2, 2, 3, 2, 1, 2, 7, 3, 1, 1]
Personal Pronoun Count: 4
Average Word Length: 3.5701668302257117

Positive Words:
good
Well,
promises
create
ambitious
well,
hoping
increase
Well,
huge
smart
Fame
Incentives
attract
help
promised
launched
benefits
benefits
Easy
improve
free
good
good
good
livelihood
(better
(chuckles)
allow
share
important

Negative Words:
bad
unhealthy
war
crude
worry
86
Lower
Lower
no
problems
Lack
Poor
demand
forget
Empty
demand