Compound Score: -0.8996
Polarity Score: 0.14666666471111114
Positive Score: 43
Negative Score: 32
Subjectivity Score: 0.043885313022887465
Average Sentence Length: 23.094594594594593
Average Words Per Sentence: 23.094594594594593
Complex Word Count: 421
Percentage of Complex Words: 24.634289057928612
Fog Index: 19.091553461009283
Cleaned Word Count: 977
Syllable Count Per Word: [4, 4, 3, 4, 3, 1, 2, 2, 3, 1, 3, 2, 2, 2, 2, 1, 4, 1, 3, 3, 2, 1, 1, 2, 5, 3, 1, 4, 2, 1, 2, 2, 5, 3, 5, 4, 3, 1, 3, 1, 2, 1, 2, 2, 3, 2, 4, 4, 1, 3, 1, 3, 3, 3, 2, 2, 3, 3, 4, 2, 1, 1, 3, 2, 4, 1, 4, 1, 2, 1, 2, 2, 2, 3, 2, 3, 4, 3, 3, 2, 1, 3, 3, 1, 5, 2, 2, 5, 4, 1, 4, 3, 3, 2, 4, 1, 3, 4, 1, 2, 3, 4, 4, 1, 2, 1, 2, 1, 2, 2, 2, 1, 3, 2, 2, 4, 2, 1, 3, 5, 3, 2, 1, 3, 3, 1, 2, 3, 1, 3, 3, 4, 2, 3, 1, 3, 3, 3, 1, 2, 2, 1, 1, 2, 4, 1, 3, 6, 3, 3, 2, 3, 2, 2, 3, 1, 3, 2, 1, 3, 2, 3, 1, 2, 1, 3, 1, 1, 1, 3, 2, 2, 2, 3, 5, 1, 3, 4, 3, 5, 2, 2, 2, 2, 4, 4, 5, 3, 1, 0, 3, 3, 2, 3, 2, 1, 1, 2, 1, 4, 2, 2, 1, 2, 3, 2, 3, 1, 2, 3, 4, 2, 3, 1, 4, 1, 2, 1, 5, 2, 1, 3, 1, 2, 4, 3, 2, 3, 4, 2, 3, 2, 3, 1, 3, 1, 1, 1, 2, 4, 1, 2, 1, 3, 4, 3, 2, 3, 2, 3, 3, 2, 3, 1, 3, 3, 4, 6, 3, 2, 2, 4, 1, 1, 3, 3, 2, 2, 4, 2, 2, 3, 1, 3, 3, 3, 3, 3, 3, 1, 2, 3, 4, 1, 1, 3, 4, 2, 2, 4, 2, 1, 2, 3, 4, 1, 2, 5, 3, 2, 2, 2, 1, 1, 4, 2, 2, 1, 4, 1, 3, 3, 4, 3, 3, 2, 2, 5, 3, 1, 1, 1, 1, 2, 2, 1, 3, 2, 3, 3, 4, 2, 1, 1, 2, 3, 2, 1, 1, 2, 3, 2, 1, 3, 2, 4, 3, 2, 5, 3, 2, 3, 2, 4, 3, 2, 3, 1, 3, 2, 3, 3, 3, 1, 2, 1, 1, 3, 3, 3, 2, 2, 2, 2, 3, 3, 2, 4, 2, 2, 3, 1, 2, 2, 2, 1, 1, 2, 3, 3, 1, 2, 4, 2, 3, 2, 1, 4, 2, 2, 1, 4, 2, 3, 3, 3, 1, 3, 3, 3, 1, 1, 1, 4, 3, 3, 1, 4, 5, 5, 1, 3, 3, 3, 3, 2, 1, 1, 3, 1, 3, 3, 2, 2, 2, 4, 2, 2, 3, 3, 2, 2, 1, 1, 4, 2, 3, 2, 1, 2, 2, 4, 5, 3, 2, 3, 1, 1, 2, 2, 1, 2, 2, 4, 2, 3, 1, 2, 2, 2, 3, 3, 3, 2, 1, 2, 2, 4, 3, 2, 3, 2, 7, 1, 2, 4, 1, 1, 2, 1, 2, 2, 2, 2, 2, 3, 1, 2, 1, 3, 2, 2, 2, 2, 2, 3, 4, 3, 3, 1, 2, 3, 4, 3, 3, 4, 4, 2, 3, 1, 4, 3, 1, 3, 1, 4, 1, 3, 3, 2, 1, 1, 3, 3, 3, 1, 3, 3, 3, 5, 3, 3, 3, 1, 3, 3, 3, 2, 1, 2, 3, 3, 4, 2, 2, 4, 3, 3, 3, 1, 2, 3, 3, 3, 3, 4, 2, 3, 6, 3, 3, 4, 1, 1, 5, 2, 2, 4, 1, 2, 1, 2, 1, 2, 4, 2, 3, 3, 2, 3, 2, 4, 3, 4, 1, 3, 2, 1, 1, 1, 3, 4, 1, 1, 1, 3, 4, 2, 1, 2, 7, 4, 3, 4, 1, 1, 3, 2, 4, 1, 1, 2, 2, 3, 1, 1, 1, 2, 4, 3, 4, 2, 2, 3, 1, 2, 2, 3, 2, 1, 1, 2, 2, 1, 4, 1, 2, 2, 4, 4, 4, 3, 2, 3, 2, 3, 3, 2, 3, 2, 2, 3, 2, 2, 3, 3, 1, 3, 2, 2, 2, 1, 5, 2, 2, 3, 3, 3, 3, 2, 3, 2, 4, 2, 1, 3, 4, 1, 2, 2, 1, 1, 3, 2, 3, 2, 2, 2, 3, 2, 2, 2, 3, 1, 1, 2, 3, 2, 1, 2, 4, 4, 2, 2, 2, 3, 1, 4, 2, 4, 2, 2, 1, 1, 3, 4, 2, 1, 2, 4, 2, 4, 4, 2, 1, 1, 3, 3, 5, 4, 3, 2, 2, 3, 1, 3, 3, 2, 5, 1, 4, 2, 3, 4, 1, 2, 2, 2, 1, 4, 2, 4, 2, 3, 5, 3, 1, 2, 3, 2, 2, 1, 3, 2, 4, 4, 2, 3, 1, 2, 2, 2, 2, 4, 3, 4, 1, 3, 3, 3, 2, 2, 2, 3, 4, 1, 2, 3, 1, 2, 1, 2, 1, 1, 1, 1, 1, 1, 5, 2, 1, 1, 5, 1, 1, 4, 2, 3, 5, 4, 4, 2, 1, 1, 1, 2, 3, 3, 2, 3, 1, 1, 5, 1, 1, 2, 1, 1, 4, 2, 2, 3, 4, 1, 1, 1, 1, 1, 2, 3, 3, 1, 3, 2, 3, 2, 3, 5, 2, 1, 3, 2, 3, 2, 1, 4, 3, 1, 3, 2, 1, 4, 1, 2, 2, 2, 4, 2, 2, 5, 4, 2, 1, 2, 2, 3, 2, 2, 5, 1, 2, 2, 3, 3, 2, 1, 1, 1, 2, 2, 2, 2, 1, 1, 2, 3, 4, 2, 1, 3, 1, 2, 2, 3, 3, 1, 4, 2, 2, 2, 5, 2, 2, 4, 3, 1, 2, 1, 1, 2, 3, 1, 2, 2, 1, 1, 1, 3, 2, 2, 1, 2, 2, 3, 2, 1, 1, 2, 1, 1, 2, 1, 4, 1, 3, 2, 2, 2, 4, 1, 3, 2, 2, 2, 1, 1, 2, 1, 3, 2, 3, 2, 2, 1, 4, 3, 2]
Personal Pronoun Count: 14
Average Word Length: 4.170860152135752

Positive Words:
progress
feeling
well
trusted
well
freelanced
responsible
pleasure
responsible
easily
support
interest
greater
Hope
adequate
create
clear
encouraging,
creating
(relaxed,
alert,
responsible
plays
important
well;
well
great
number
huge
encourages
intellectual
Like
grey
allow
certain
clear
plays
allow
well.
help
certain
better
chance

Negative Words:
controversial
worry
no
stuck
denies
guilt.
criticism
problems,
difficulties,
restricted
difficult
illness
difficulty
problems,
failure
death.
loss
restricted,
harm
injury,
lies
death
irreversible
loss
death
dead
battle
no
lack
illness
illness
difficult