Compound Score: 0.9995
Polarity Score: 0.6896551605231869
Positive Score: 49
Negative Score: 9
Subjectivity Score: 0.04142857139897959
Average Sentence Length: 21.21212121212121
Average Words Per Sentence: 21.21212121212121
Complex Word Count: 198
Percentage of Complex Words: 14.142857142857142
Fog Index: 14.141991341991343
Cleaned Word Count: 669
Syllable Count Per Word: [2, 3, 1, 2, 1, 2, 3, 1, 3, 1, 3, 1, 1, 1, 1, 2, 4, 2, 2, 3, 1, 2, 2, 3, 1, 3, 2, 3, 3, 2, 2, 1, 3, 2, 1, 1, 2, 2, 1, 1, 3, 1, 3, 3, 4, 1, 1, 2, 2, 1, 1, 2, 1, 2, 3, 3, 2, 1, 2, 1, 2, 2, 3, 2, 2, 1, 1, 3, 1, 3, 2, 1, 2, 3, 1, 1, 2, 2, 1, 4, 2, 1, 3, 3, 2, 1, 2, 1, 2, 3, 2, 2, 2, 3, 1, 2, 1, 2, 3, 2, 3, 3, 2, 2, 2, 2, 4, 2, 3, 1, 1, 1, 4, 2, 2, 3, 4, 1, 2, 3, 3, 1, 2, 3, 2, 2, 4, 5, 2, 7, 2, 2, 1, 2, 5, 1, 2, 1, 1, 5, 1, 2, 2, 2, 3, 3, 1, 2, 3, 5, 1, 4, 3, 4, 4, 2, 2, 1, 1, 2, 4, 2, 4, 4, 3, 4, 2, 2, 3, 3, 3, 2, 5, 2, 2, 2, 3, 1, 4, 1, 4, 1, 3, 2, 3, 1, 2, 2, 1, 2, 2, 3, 1, 4, 3, 3, 3, 2, 3, 4, 3, 3, 2, 3, 1, 1, 1, 4, 3, 1, 3, 2, 3, 2, 2, 1, 2, 4, 1, 4, 2, 1, 3, 1, 3, 1, 3, 1, 2, 4, 1, 3, 2, 2, 4, 1, 2, 1, 2, 1, 3, 1, 2, 3, 3, 1, 2, 2, 1, 2, 2, 2, 3, 4, 2, 2, 1, 1, 3, 3, 3, 1, 4, 2, 4, 1, 3, 3, 2, 3, 2, 2, 2, 1, 3, 2, 2, 2, 1, 3, 3, 4, 1, 1, 1, 4, 1, 2, 3, 3, 2, 2, 3, 1, 4, 1, 2, 3, 1, 2, 1, 5, 3, 2, 2, 3, 1, 1, 1, 1, 1, 1, 3, 1, 2, 1, 3, 2, 3, 1, 2, 2, 3, 1, 2, 3, 2, 1, 2, 3, 2, 2, 2, 2, 1, 2, 2, 2, 1, 1, 1, 2, 1, 1, 1, 2, 3, 1, 4, 1, 3, 1, 2, 1, 1, 2, 3, 2, 2, 1, 2, 2, 2, 4, 2, 4, 2, 1, 3, 3, 2, 2, 2, 1, 2, 1, 2, 1, 1, 2, 2, 4, 3, 1, 1, 1, 1, 2, 3, 2, 3, 2, 5, 2, 2, 2, 2, 2, 2, 2, 4, 2, 2, 1, 2, 3, 2, 1, 3, 1, 3, 1, 1, 1, 1, 2, 2, 2, 1, 2, 2, 1, 1, 1, 3, 1, 1, 1, 3, 1, 2, 3, 1, 1, 1, 2, 2, 1, 1, 3, 3, 1, 1, 1, 1, 3, 2, 3, 1, 2, 1, 1, 2, 1, 2, 3, 1, 4, 3, 1, 2, 3, 1, 1, 1, 1, 2, 1, 3, 2, 2, 1, 3, 1, 1, 3, 1, 1, 2, 1, 1, 1, 2, 2, 1, 2, 4, 1, 2, 1, 1, 4, 1, 3, 3, 2, 1, 1, 2, 1, 1, 1, 1, 1, 1, 2, 1, 2, 2, 1, 1, 2, 2, 9, 3, 1, 1, 2, 1, 1, 1, 2, 3, 1, 1, 1, 2, 1, 2, 3, 3, 1, 3, 1, 1, 1, 4, 1, 3, 1, 2, 1, 3, 1, 1, 4, 2, 1, 3, 1, 1, 2, 1, 3, 2, 2, 1, 3, 2, 1, 1, 2, 2, 3, 2, 2, 1, 1, 2, 1, 1, 1, 1, 2, 2, 2, 2, 2, 1, 2, 1, 3, 1, 3, 2, 3, 3, 1, 2, 3, 1, 1, 2, 2, 3, 3, 2, 2, 1, 2, 2, 2, 1, 1, 1, 1, 2, 3, 3, 1, 1, 4, 2, 4, 3, 3, 1, 4, 1, 2, 1, 5, 3, 2, 1, 3, 1, 2, 1, 1, 2, 1, 2, 1, 2, 2, 1, 3, 2, 2, 3, 3, 2, 2, 2, 1, 2, 1, 3, 1, 1, 2, 2, 1, 3, 2, 3, 2, 1, 3, 1, 2, 3, 3, 3, 2, 1, 2, 2]
Personal Pronoun Count: 3
Average Word Length: 3.1007142857142855

Positive Words:
ardent
top
great
great
great
greatest
confidence
great
respective
virtue
virtues
openness,
empathetic
great
best
great
respective
visionary
great
rewarding
great
attachment
vision.
vision
well
great
solving
top
help
validate
competitive
top.
chance
play
great
great
top
perfect
best
talent
talent,
vision.
yes
(yes
succeed
respect
value
best
like

Negative Words:
lame
restricted
difficulties.
problem,
argued
problem.
no
no
demand